rentValue:00 905
2 837
4 748
6 564
8 625
10 762
12 895
14 905
16 875
18 915
20 908
22 904
24 819
26 910
28 900
30 919
32 917
34 927
36 923
38 922
40 925
42 924
44 930
46 927
48 932
50 928
52 933
54 928
56 928
58 933
60 928
62 934
64 934
66 936
68 932
70 929
72 8
74 800
76 927
78 956
80 921
82 833
84 5
86 0
88 8
90 8
92 0
94 0
96 0
98 239
100 300
102 0
104 8
106 592
108 0
110 11
112 0
114 0
116 853
118 14
120 13
122 133
124 8
126 0
128 0
130 634
132 0
134 534
136 612
138 10
140 0
142 0
144 0
146 0
148 282
150 3
152 0
154 3
156 0
158 1
160 0
162 0
164 0
166 0
168 0
170 0
172 1
174 0
176 1
178 0
180 0
182 1
184 0
186 0
188 0
190 0
192 0
194 0
196 0
198 0
200 0
202 2
204 0
206 0
208 0
210 0
212 0
214 1022
216 983
218 1022
220 1023
222 1018
224 1023
226 548
228 577
230 0
232 0
234 0
236 1
238 16
240 6
242 0
244 14
246 8
248 0
250 0
252 0
254 517
256 810
258 873
260 580
262 756
264 460
266 687
268 691
270 669
272 591
274 443
276 799
278 806
280 806
282 483
284 542
286 822
288 865
290 6
292 0
294 643
296 874
298 264
300 202
302 7
304 0
306 2
308 0
310 0
312 5
314 0
316 0
318 0
320 0
322 0
324 0
326 8
328 0
330 0
332 62
334 0
336 7
338 6
340 8
342 0
344 0
346 0
348 13
350 0
352 4
354 0
356 0
358 0
360 11
362 0
364 0
366 0
368 7
370 0
372 0
374 0
376 2
378 0
380 0
382 0
384 0
386 0
388 0
390 0
392 4
394 5
396 3
398 0
400 14
402 2
404 9
406 0
408 0
410 0
412 0
414 132
416 12
418 0
420 0
422 0
424 21
426 13
428 0
430 96
432 0
434 0
436 9
438 0
440 105
442 203
444 520
446 646
448 9
450 0
452 0
454 0
456 2
458 5
460 0
462 0
464 0
466 0
468 0
470 0
472 5
474 4
476 7
478 0
480 5
482 0
484 59
486 2
488 4
490 0
492 0
494 1
496 5
498 8
500 3
502 0
504 0
506 331
508 6
510 13
512 8
514 0
516 0
518 16
520 0
522 0
524 0
526 0
528 10
530 13
532 0
534 0
536 0
538 0
540 0
542 534
544 467
546 325
548 323
550 334
552 453
554 0
556 128
558 6
560 74
562 678
564 540
566 44
568 0
570 0
572 9
574 382
576 1
578 8
580 0
582 0
584 0
586 339
588 634
590 5
592 0
594 8
596 0
598 3
600 0
602 0
604 6
606 0
608 0
610 0
612 0
614 0
616 0
618 0
620 10
622 10
624 0
626 12
628 2
630 0
632 0
634 0
636 1
638 0
640 0
642 0
644 0
646 0
648 0
650 0
652 10
654 0
656 0
658 0
660 0
662 11
664 0
666 0
668 0
670 6
672 0
674 223
676 6
678 1
680 660
682 502
684 716
686 471
688 379
690 0
692 0
694 0
696 0
698 0
700 0
702 2
704 783
706 543
708 0
710 429
712 698
714 538
716 1
718 706
720 0
722 0
724 0
726 3
728 5
730 387
732 624
734 49
736 1
738 3
740 0
742 0
744 879
746 0
748 0
750 527
752 0
754 8
756 963
758 2
760 2
762 0
764 0
766 4
768 3
770 10
772 7
774 0
776 0
778 0
780 5
782 2
784 0
786 5
788 0
790 5
792 0
794 0
796 0
798 0
800 0
802 2
804 0
806 0
808 0
810 0
812 151
814 639
816 767
818 5
820 6
822 0
824 11
826 0
828 0
830 546
832 2
834 576
836 0
838 0
840 0
842 0
844 0
846 0
848 12
850 0
852 0
854 0
856 0
858 20
860 25
862 0
864 0
866 10
868 4
870 0
872 532
874 718
876 289
878 0
880 3
882 417
884 0
886 582
888 525
890 252
892 0
894 0
896 10
898 0
900 6
902 0
904 0
906 0
908 0
910 9
912 5
914 930
916 0
918 20
920 0
922 0
924 0
926 2
928 16
930 0
932 4
934 912
936 925
938 934
940 927
942 933
944 599
946 739
948 727
950 883
952 555
954 914
956 941
958 930
960 932
962 946
964 941
966 942
968 940
970 928
972 925
974 935
976 930
978 925
980 929
982 931
984 930
986 934
988 928
990 930
992 926
994 928
996 926
998 928
1000 944
1002 926
1004 915
1006 940
1008 920
1010 910
1012 917
1014 940
1016 944
1018 930
1020 933
1022 938
-------------------------------
0 929
929
2 930
930
4 929
929
6 928
928
8 931
931
10 929
929
12 858
858
14 867
867
16 912
912
18 699
699
20 669
669
22 696
696
24 82
82
26 102
102
28 0
0
30 7
7
32 871
871
---------------------------------
pull and push
currentValue:871
prefValue:7
---------------------------------
34 875
875
36 890
890
38 921
921
40 926
926
42 924
924
44 886
886
46 813
813
48 636
636
50 0
0
52 796
796
54 801
801
56 804
804
58 809
809
60 2
2
---------------------------------
push and pull
currentValue:2
prefValue:809
---------------------------------
62 730
730
64 795
795
66 0
0
68 801
801
---------------------------------
pull and push
currentValue:801
prefValue:0
---------------------------------
70 816
816
72 815
815
74 0
0
---------------------------------
push and pull
currentValue:0
prefValue:815
---------------------------------
76 5
5
78 767
767
80 3
3
82 730
730
84 758
758
86 766
766
88 893
893
90 10
10
---------------------------------
push and pull
currentValue:10
prefValue:893
---------------------------------
92 606
606
94 820
820
96 835
835
98 856
856
100 874
874
102 702
702
104 227
227
106 0
0
108 13
13
110 0
0
112 865
865
---------------------------------
pull and push
currentValue:865
prefValue:0
---------------------------------
114 0
0
---------------------------------
push and pull
currentValue:0
prefValue:865
---------------------------------
116 0
0
118 125
125
120 217
217
122 248
248
124 412
412
126 701
701
128 710
710
130 680
680
132 504
504
134 0
0
136 0
0
138 0
0
140 0
0
142 12
12
144 0
0
146 0
0
148 10
10
150 14
14
152 2
2
154 0
0
156 0
0
158 677
677
160 0
0
162 0
0
164 19
19
166 231
231
168 0
0
170 829
829
---------------------------------
pull and push
currentValue:829
prefValue:0
---------------------------------
172 675
675
174 689
689
176 712
712
178 863
863
180 833
833
182 838
838
184 930
930
186 737
737
188 261
261
190 149
149
192 949
949
194 9
9
---------------------------------
push and pull
currentValue:9
prefValue:949
---------------------------------
196 775
775
198 838
838
200 834
834
202 840
840
204 893
893
206 2
2
---------------------------------
push and pull
currentValue:2
prefValue:893
---------------------------------
208 807
807
---------------------------------
pull and push
currentValue:807
prefValue:2
---------------------------------
210 822
822
212 817
817
214 968
968
216 10
10
---------------------------------
push and pull
currentValue:10
prefValue:968
---------------------------------
218 678
678
220 202
202
222 7
7
224 734
734
226 662
662
228 557
557
230 0
0
232 7
7
234 0
0
236 0
0
238 0
0
240 12
12
242 0
0
244 5
5
246 320
320
248 0
0
250 0
0
252 0
0
254 0
0
256 0
0
258 0
0
260 0
0
262 0
0
264 709
709
266 0
0
268 2
2
270 0
0
272 14
14
274 0
0
276 9
9
278 0
0
280 10
10
282 0
0
284 0
0
286 0
0
288 0
0
290 0
0
292 0
0
294 0
0
296 0
0
298 0
0
300 0
0
302 0
0
304 13
13
306 0
0
308 0
0
310 4
4
312 1
1
314 10
10
316 0
0
318 9
9
320 0
0
322 0
0
324 2
2
326 3
3
328 0
0
330 0
0
332 0
0
334 0
0
336 0
0
338 2
2
340 0
0
342 8
8
344 0
0
346 8
8
348 0
0
350 0
0
352 7
7
354 0
0
356 10
10
358 6
6
360 2
2
362 0
0
364 6
6
366 8
8
368 11
11
370 0
0
372 3
3
374 3
3
376 2
2
378 0
0
380 0
0
382 0
0
384 11
11
386 755
755
388 833
833
390 6
6
---------------------------------
push and pull
currentValue:6
prefValue:833
---------------------------------
392 0
0
394 0
0
396 0
0
398 0
0
400 838
838
---------------------------------
pull and push
currentValue:838
prefValue:0
---------------------------------
402 271
271
404 293
293
406 117
117
408 0
0
410 560
560
412 0
0
414 0
0
416 135
135

